step
0   [array([1.10000095, 0.89999937]) 21.69927896503286 0.04320091021510489]
1   [array([1.12869581, 0.88127283]) 21.251030074183724 0.03646039078417793]
2   [array([1.13318565, 0.8775085 ]) 22.808571037989914 0.04236681609640342]
3   [array([1.1, 0.9]) 20.017986792581745 0.04028449695181467]
4   [array([2.01415645, 0.61428405]) 20.916975463232504 0.019842259697638823]
5   [array([1.78155792, 0.43673515]) 21.62853408403047 0.018358887717715384]
6   [array([1.73417849, 0.43618223]) 21.112593088337064 0.019407387253324672]
7   [array([1.58951896, 0.26713132]) 21.725321160792706 0.01693015417122458]
8   [array([2.21911895, 0.57404965]) 22.185966269819914 0.019217858938418573]
9   [array([1.90885578, 0.56181285]) 21.907352430174747 0.020042857304770834]
10   [array([1.84496854, 0.5648782 ]) 22.36288234831635 0.0197501382757343]
11   [array([1.11601303, 0.89169626]) 22.167662870618187 0.043009908381281936]
12   [array([2.09778038, 0.61805817]) 20.228486715666016 0.01874113310627191]
13   [array([3.27963546, 0.12568869]) 22.503601033411364 0.0280086010652396]
14   [array([1.1, 0.9]) 21.996828875601544 0.041235435118762896]
15   [array([1.10063153, 0.89953343]) 22.956012036055334 0.042876420160488864]
16   [array([1.78291976, 0.2886744 ]) 21.87997759473229 0.01637739523698546]
17   [array([1.1, 0.9]) 22.659286278772587 0.042775557584228234]
18   [array([1.1, 0.9]) 20.19959759098156 0.03996645122569351]
19   [array([1.10000783, 0.8999941 ]) 23.438787166449604 0.04028786909888282]
20   [array([1.16038702, 0.86306699]) 23.81991004421406 0.04159927621622423]
21   [array([1.12428467, 0.88186917]) 20.01451734871823 0.0384636397285405]
22   [array([1.1, 0.9]) 21.995835362330208 0.0417057667397135]
23   [array([1.8390406 , 0.45390055]) 23.241766386228935 0.01898005513855632]
24   [array([1.1, 0.9]) 23.423415473609158 0.04424575623097893]
25   [array([1.10101038, 0.89934703]) 23.24260889307715 0.04126922759065142]
26   [array([1.90290031, 0.35889998]) 21.05017103476648 0.017947135049804715]
27   [array([1.59013658, 0.34701267]) 23.409058981242513 0.018893524888648032]
28   [array([2.01389418, 0.68472499]) 21.211553227885958 0.02109724749987833]
29   [array([2.25501704, 0.56996046]) 18.589744874351474 0.01869846113072927]
30   [array([1.1, 0.9]) 23.093330150230422 0.04277135163343599]
31   [array([1.55635011, 0.74722925]) 22.118541588394027 0.02888206210260488]
32   [array([1.12440554, 0.88510259]) 22.151468330604395 0.04242115570977352]
33   [array([1.1, 0.9]) 22.646995314759145 0.04182078158229468]
34   [array([1.93239853, 0.41075561]) 22.626532377464674 0.018070654997435164]
35   [array([1.12257598, 0.88506865]) 19.56424199778616 0.04054193624656803]
36   [array([1.10083556, 0.89951878]) 22.745743583578495 0.038449232812225835]
37   [array([1.12895072, 0.88579511]) 22.293195740466917 0.04128003410622427]
38   [array([1.10182311, 0.89892459]) 23.38371100988698 0.041285214225611176]
39   [array([2.50875039, 0.53508178]) 10.97748972977671 0.020272012875914878]
40   [array([1.1, 0.9]) 22.98844086864679 0.03771542728533093]
41   [array([2.07405742, 0.64961062]) 21.138351544094498 0.019706256042204415]
42   [array([1.13154099, 0.88106581]) 24.071604540513135 0.04382121370357404]
43   [array([1.10003136, 0.89997716]) 23.793623457854967 0.04281625943786488]
44   [array([1.10234669, 0.89844785]) 22.034351153384513 0.042046064349050755]
45   [array([1.12489148, 0.88491022]) 22.006929102832864 0.04419390122472704]
46   [array([1.1, 0.9]) 20.690777184942043 0.042115007465165166]
47   [array([1.10072542, 0.89954828]) 21.91493226499764 0.04449224073693105]
48   [array([2.14684444, 0.9503442 ]) 12.766668894027662 0.02192946302447958]
49   [array([1.1, 0.9]) 22.407035495886948 0.041774098804096424]
50   [array([1.80732632, 0.4768485 ]) 21.23361017972249 0.018716459297879542]
51   [array([1.66199205, 0.24991449]) 21.641173341142714 0.016516898735442553]
52   [array([1.12888587, 0.88270017]) 22.76688509647508 0.044067090817548976]
53   [array([1.1, 0.9]) 22.105426574468105 0.04101801793316933]
54   [array([2.03466878, 0.67667449]) 15.837205574593428 0.019774724844141053]
55   [array([1.10300503, 0.89797714]) 22.85868804442769 0.043210880303255136]
56   [array([1.90091104, 0.74386918]) 21.813417643111666 0.02136111954389515]
57   [array([2.64232438, 0.1       ]) 22.63417853867876 0.02572852444161064]
58   [array([1.1, 0.9]) 23.788277653234594 0.04646041487499426]
59   [array([1.13504057, 0.87855189]) 23.40596422185837 0.04198910736098125]
60   [array([1.10292722, 0.89797774]) 22.758240165310443 0.04393124218209641]
61   [array([1.89873446, 0.64722303]) 23.00917282864761 0.02033904291702656]
62   [array([1.1, 0.9]) 21.75077900495092 0.04131757154098824]
63   [array([2.4244176, 0.1      ]) 21.371312654231506 0.02485899404518407]
64   [array([1.94992941, 0.52810363]) 22.694530463947192 0.018977869964619018]
65   [array([1.85476795, 0.5323474 ]) 21.979700367529606 0.020376224227371075]
66   [array([1.1, 0.9]) 22.451539992262123 0.035987896136036666]
67   [array([1.10001405, 0.89999159]) 23.21734821837552 0.040363449147961174]
68   [array([1.92560037, 0.51645454]) 23.614902963920112 0.018861590911853937]
69   [array([2.09887743, 0.69096995]) 21.03518665522285 0.02042537061054024]
70   [array([1.1, 0.9]) 22.581391092779633 0.043491055117242494]
71   [array([1.1, 0.9]) 23.800449666981198 0.04350799954498442]
72   [array([2.24534423, 0.1       ]) 21.43221145638836 0.02400055895099545]
73   [array([1.12678262, 0.8834893 ]) 22.144022713160194 0.04312901191676496]
74   [array([1.1, 0.9]) 20.6405508815501 0.044787791294996715]
75   [array([1.65368571, 0.72353647]) 22.301644113505017 0.0240607702047794]
76   [array([1.12738216, 0.88423414]) 22.708186722416777 0.04524570657262488]
77   [array([1.1, 0.9]) 21.683775552300787 0.04028290888374803]
78   [array([1.82633976, 0.46813096]) 23.236828715868743 0.019369845816694233]
79   [array([1.12486964, 0.88447805]) 20.795944484206156 0.04340876807446234]
80   [array([1.79299211, 0.51984589]) 23.094272739810844 0.020041185727670066]
81   [array([1.94757942, 0.42066552]) 20.59921812769988 0.01879721193918301]
82   [array([1.1, 0.9]) 22.771084631621445 0.04242841009908767]
83   [array([1.1, 0.9]) 22.18513768905092 0.042139360077351105]
84   [array([1.96565748, 0.4761258 ]) 21.50003288340755 0.01850382954731782]
85   [array([2.49678674, 0.1717131 ]) 21.33591464426892 0.02398378333591065]
86   [array([2.54958644, 0.1       ]) 21.756817812770368 0.025405357651304517]
87   [array([1.83631688, 0.52476451]) 25.545392080130547 0.02028494861564303]
88   [array([1.25958839, 0.77648299]) 22.14512149127461 0.0395059158631322]
89   [array([1.72853952, 0.56260717]) 24.487298986370273 0.02199015794758261]
90   [array([1.68877756, 0.26770282]) 20.870767395323 0.016714328791413886]
91   [array([2.14727997, 0.1       ]) 22.77935421066229 0.023460675466915205]
92   [array([1.89787553, 0.65760569]) 17.816511598310452 0.02108374356790183]
93   [array([1.10000737, 0.89999535]) 25.295090582794405 0.04603850722945482]
94   [array([1.36531866, 0.60362719]) 22.38524837131863 0.03009725750373186]
95   [array([2.35204852, 0.55969352]) 17.758699582730763 0.01937463253476934]
96   [array([1.1, 0.9]) 24.762433699283367 0.04379446046676757]
97   [array([1.10000381, 0.89999749]) 23.04600614074513 0.0453765879508748]
98   [array([1.10125685, 0.89912773]) 21.923869170543178 0.03961014619385389]
99   [array([1.12490049, 0.88637981]) 20.97861784831445 0.04276973210255646]
mean, std:  0.032254125257897115 0.010949453257513867
sin
0   [array([1.10000684, 0.89999575]) 17.11489770411071 0.03210335018553008]
1   [array([1.68547032, 0.62748638]) 13.523099415475233 0.011151517402575273]
2   [array([1.13371607, 0.87790259]) 18.103653112287006 0.030589286481739014]
3   [array([1.1, 0.9]) 15.38483120240279 0.028027925006181384]
4   [array([1.87774684, 0.3896339 ]) 14.704580256320682 0.008468223540974838]
5   [array([1.45089368, 0.67843738]) 15.117171962524608 0.017975853877301183]
6   [array([2.30389039, 0.64943287]) 12.793750371929217 0.005554392553736893]
7   [array([1.43661098, 0.56686747]) 15.192371578829974 0.018408580954850286]
8   [array([1.85595539, 0.48331298]) 15.395401941232969 0.009991928945104723]
9   [array([1.58751875, 0.55220698]) 15.118196375626567 0.014821942588543772]
10   [array([2.07222763, 0.49852942]) 13.79360898247566 0.006484820777574909]
11   [array([1.91956482, 0.62502014]) 15.190927637725522 0.0095371049961473]
12   [array([1.90465766, 0.58664908]) 15.616216526524937 0.008212797800613618]
13   [array([2.21511537, 0.59757909]) 14.246234252769188 0.006095803411075023]
14   [array([1.1, 0.9]) 17.602758983286364 0.030591592212018442]
15   [array([1.10085629, 0.8994387 ]) 18.4706272611463 0.03242699486296407]
16   [array([1.68188382, 0.39808982]) 15.626191676343463 0.00943592896995591]
17   [array([1.1, 0.9]) 18.158634477864844 0.031163046087926013]
18   [array([1.1, 0.9]) 15.884418803447534 0.028234267256062602]
19   [array([1.10005433, 0.89996362]) 18.612611487217215 0.028540981666150784]
20   [array([1.16327608, 0.86407239]) 18.550536406068765 0.031121255481771342]
21   [array([1.12681973, 0.88205537]) 15.747350143773806 0.026782306180717856]
22   [array([1.1, 0.9]) 17.64228605553939 0.030343161297221508]
23   [array([1.68777245, 0.46660215]) 16.142644169738492 0.012339266180104584]
24   [array([1.1, 0.9]) 18.93088883789073 0.033085900051899805]
25   [array([1.10081016, 0.89952384]) 19.013816268083225 0.030381084508558902]
26   [array([1.1663457 , 0.81808671]) 15.243423247866119 0.03198186042207497]
27   [array([1.54978527, 0.41599288]) 18.508106134786292 0.01427232557806111]
28   [array([1.12624901, 0.88311665]) 17.083802568177774 0.030030862963591098]
29   [array([1.13382442, 0.87658274]) 17.982178033572882 0.02956492697721805]
30   [array([1.1, 0.9]) 18.4815236845546 0.03169300035242964]
31   [array([1.54412168, 0.51002677]) 16.586253935167722 0.01636006676712028]
32   [array([1.12582604, 0.88421471]) 17.851147545963855 0.030602996806346747]
33   [array([1.1, 0.9]) 18.792055856271496 0.030248309682346316]
34   [array([1.74091345, 0.44617129]) 18.055050058607442 0.011014293851938297]
35   [array([1.12449715, 0.88415155]) 15.28501944985706 0.028357119294819835]
36   [array([1.10082827, 0.89952877]) 18.773924140343 0.026915285134379546]
37   [array([1.1286901 , 0.88537712]) 17.51840455360189 0.028857172685127084]
38   [array([1.1020241 , 0.89885559]) 19.223996795086403 0.029809528705440316]
39   [array([1.93785998, 0.35914051]) 18.315793254356173 0.007494053041077272]
40   [array([1.1, 0.9]) 19.035130625546316 0.026360119905711066]
41   [array([2.15014797, 0.7184046 ]) 16.51542470085463 0.007470747103500479]
42   [array([1.13406794, 0.88170111]) 18.99631356974193 0.032237030560578674]
43   [array([1.10002965, 0.89997917]) 20.15286157451914 0.030620783846362735]
44   [array([1.10168819, 0.89899746]) 18.08141887364007 0.03104040373154255]
45   [array([2.35056107, 0.66052421]) 17.261835820124887 0.005380573147952352]
46   [array([1.1, 0.9]) 16.002768039696814 0.03071218049130447]
47   [array([1.10562332, 0.89494817]) 17.207879103289933 0.03281165670831633]
48   [array([2.0700916 , 0.44778336]) 14.505680984455001 0.006305039038120192]
49   [array([1.10000038, 0.89999978]) 17.952812300120716 0.030639280471232863]
50   [array([1.14803789, 0.87109075]) 16.19752364584828 0.029914735331778502]
51   [array([1.29967673, 0.66550125]) 15.089867164815416 0.022101851774270806]
52   [array([1.12715828, 0.88378119]) 18.403577641203103 0.03143761891217299]
53   [array([1.1, 0.9]) 18.173202228089597 0.0295230205569841]
54   [array([2.27782001, 0.57847465]) 16.425982666851173 0.004673717858406467]
55   [array([1.10001639, 0.89999155]) 18.345726624544678 0.032009493688698105]
56   [array([1.46119713, 0.81791071]) 15.028044498377 0.0202035069141649]
57   [array([1.38360037, 0.6248937 ]) 15.402414468863093 0.01704104105521123]
58   [array([1.1, 0.9]) 19.432103589814798 0.0355159103245046]
59   [array([1.13691124, 0.87918569]) 18.406725633476366 0.03125138957838979]
60   [array([1.10275047, 0.89815932]) 19.096295907870285 0.03151984154686995]
61   [array([2.21692454, 0.41331467]) 14.326102480782044 0.004384669827646063]
62   [array([1.1, 0.9]) 17.270836095606768 0.029895860443325532]
63   [array([1.12374432, 0.88307496]) 17.048104667094638 0.030868195692241182]
64   [array([1.1, 0.9]) 19.264420669035935 0.030767250946605106]
65   [array([1.61581845, 0.58884159]) 15.306918972583777 0.017180235298829193]
66   [array([1.1, 0.9]) 18.24448642468092 0.024809991947586003]
67   [array([1.10027926, 0.89990605]) 18.88040377245343 0.029112585074793806]
68   [array([2.01362746, 0.3362325 ]) 15.432401418603176 0.0056862796947265365]
69   [array([1.7647561 , 0.48972855]) 14.218626127810694 0.011117867840969879]
70   [array([1.10017889, 0.89989481]) 18.584860837986128 0.0317341800901315]
71   [array([1.94119551, 0.31624178]) 16.45417288348206 0.006327480029520771]
72   [array([1.48625535, 0.49328707]) 17.001548279201266 0.015344294436873884]
73   [array([1.1, 0.9]) 17.96875354962389 0.033324320340171756]
74   [array([1.10003667, 0.89997768]) 16.03813994205074 0.03353596394873136]
75   [array([1.6433587 , 0.74629117]) 13.556525193318148 0.01386123574010756]
76   [array([1.12880023, 0.88444698]) 17.85401157163022 0.03369976542827362]
77   [array([1.1, 0.9]) 17.292961946378323 0.02871659987078106]
78   [array([1.25437197, 0.82255608]) 16.823040831582233 0.027594817670574187]
79   [array([1.12616752, 0.8843135 ]) 15.896203132216222 0.03185444661645497]
80   [array([1.56184518, 0.63041097]) 15.100188873641269 0.015498584607330106]
81   [array([1.73760575, 0.5613965 ]) 14.061191784104075 0.013307546844426674]
82   [array([1.1, 0.9]) 18.786734092584055 0.03028902054465967]
83   [array([1.1, 0.9]) 17.654883680820138 0.03141983414388698]
84   [array([1.64389013, 0.66301937]) 13.481947835880607 0.012800848436539489]
85   [array([2.37829676, 0.78168613]) 16.93480545419648 0.0056962087684059685]
86   [array([1.13182695, 0.88499599]) 17.243244557859363 0.030892779489586318]
87   [array([2.1762133, 0.4913646]) 18.624852949035994 0.005744079566929188]
88   [array([1.99790101, 0.37090532]) 16.353117914351785 0.005961711731046165]
89   [array([1.13704231, 0.87804127]) 19.705786459741518 0.03664429208073478]
90   [array([1.44862131, 0.56195784]) 14.809745088217792 0.015416656020953245]
91   [array([1.34828477, 0.71958198]) 15.817665179458128 0.022705296733957832]
92   [array([2.23460894, 0.52204733]) 14.263273420039386 0.005508489213522553]
93   [array([1.10000353, 0.89999784]) 21.358900832222314 0.03465034190134938]
94   [array([1.73596691, 0.37937232]) 15.268997398607759 0.01011728558298812]
95   [array([1.12277133, 0.88549408]) 15.143870403608737 0.03527272363907167]
96   [array([1.1, 0.9]) 20.635168725029366 0.03158878787803407]
97   [array([1.10002511, 0.89998399]) 18.312556621247424 0.034565018487425964]
98   [array([1.1009138 , 0.89941091]) 17.803313914368623 0.028236254870377772]
99   [array([1.1245052 , 0.88658712]) 17.21042024616201 0.03044302059627959]
mean, std:  0.022744158801611937 0.01034409471974458
abs
0   [array([1.10667014, 0.90053561]) 28.309362053757788 0.023541956884531607]
1   [array([1.12932994, 0.89545319]) 29.857199660110943 0.01874935381711081]
2   [array([1.1172719 , 0.89655219]) 30.460709510106078 0.02314821698411898]
3   [array([1.1, 0.9]) 26.73977584543148 0.02211402404812784]
4   [array([2.80623872, 0.79314051]) 20.711281140439503 0.01222640975085706]
5   [array([2.93741288, 2.19759539]) 11.996143931967609 0.010433128720530102]
6   [array([1.13276348, 0.89646988]) 29.237860912718958 0.020525833174646128]
7   [array([1.11688279, 0.89783209]) 29.90047314166999 0.023054419422367033]
8   [array([1.1, 0.9]) 30.87741817362042 0.02339844082043114]
9   [array([3.11743637, 1.07694883]) 15.236931346213744 0.012513483188050576]
10   [array([1.10525272, 0.89894026]) 30.905547026662333 0.02089609268895722]
11   [array([3.28873735, 0.80178892]) 24.309470994043323 0.013365246925812271]
12   [array([1.79079181, 0.99409473]) 18.53314105253535 0.01176960804455202]
13   [array([1.1, 0.9]) 31.55538282309167 0.024411501329498334]
14   [array([1.1, 0.9]) 29.631903504042462 0.023068002259891425]
15   [array([1.10008565, 0.89999827]) 30.841241054901786 0.024427760519236768]
16   [array([1.12443419, 0.89971   ]) 28.591813266555313 0.024348431647247776]
17   [array([1.1, 0.9]) 30.385391640172116 0.02316497087620605]
18   [array([1.10000134, 0.90000039]) 26.78875682892435 0.02182429989194202]
19   [array([1.10000065, 0.89999995]) 31.179141936824223 0.02046364580015633]
20   [array([1.13129356, 0.89610786]) 31.478501339669386 0.0239917376700162]
21   [array([1.11279032, 0.89920182]) 28.231188398593737 0.021200040548963704]
22   [array([1.1, 0.9]) 29.924144010094352 0.022433237544722522]
23   [array([1.11750964, 0.89725946]) 31.112637464426108 0.02411363389722971]
24   [array([1.1, 0.9]) 31.196860510499512 0.024437452542471153]
25   [array([1.10001591, 0.89999619]) 31.633403113728377 0.022331486646328842]
26   [array([1.14399111, 0.90558815]) 27.726406846259493 0.02571222569160806]
27   [array([2.09847734, 0.68709166]) 25.114314672182104 0.012042933137009446]
28   [array([1.12808351, 0.89830154]) 28.875640405407268 0.022641776868479745]
29   [array([1.11765666, 0.89672327]) 29.961722702832965 0.022622900308221346]
30   [array([1.1, 0.9]) 30.86673012639109 0.0233218497796112]
31   [array([2.49302272, 1.29144929]) 14.756212603229947 0.011293467390644548]
32   [array([1.11293667, 0.89909179]) 30.584724862293548 0.02296129247482746]
33   [array([1.1, 0.9]) 31.321023284312915 0.022223185003263254]
34   [array([2.35254686, 1.31042433]) 14.586930112184405 0.011090234936080481]
35   [array([1.11316815, 0.89930566]) 27.359337377614303 0.022225070891044217]
36   [array([1.1001102 , 0.89998775]) 31.21722715639408 0.019471526862484177]
37   [array([1.1323657 , 0.89630214]) 29.509791873697196 0.021626248559332664]
38   [array([1.1002197 , 0.89997506]) 31.529718475201577 0.021708440558543676]
39   [array([1.11664094, 0.89888806]) 30.681951903923245 0.023791579409254908]
40   [array([1.1, 0.9]) 31.59161487662974 0.019056610043023035]
41   [array([1.47396587, 0.98388785]) 21.938711852520917 0.016588051957105592]
42   [array([1.1169908 , 0.89933309]) 31.42520667519665 0.024197952187800176]
43   [array([1.1, 0.9]) 32.79753375507326 0.02264471298868111]
44   [array([1.10016165, 0.90000455]) 30.102752265272272 0.022977224203618554]
45   [array([1.11453959, 0.90040597]) 30.036308558771744 0.024569996128380674]
46   [array([1.1, 0.9]) 27.7401238610816 0.023610762275275553]
47   [array([1.10012393, 0.8999925 ]) 29.44180920392834 0.02437776311933412]
48   [array([2.39463881, 1.45310893]) 13.960826330257696 0.010881594433148336]
49   [array([1.10000005, 0.9       ]) 30.610952769937192 0.022698722787266496]
50   [array([1.10495401, 0.90003983]) 29.96613144405177 0.023570183533776212]
51   [array([1.14554489, 0.90182594]) 29.6375426616858 0.02120439704845707]
52   [array([1.11324876, 0.89949386]) 30.893098657772 0.02388585758541525]
53   [array([1.1, 0.9]) 30.409177999328794 0.02179680468095523]
54   [array([1.1, 0.9]) 28.95456282818495 0.023058138307512757]
55   [array([1.10000045, 0.90000004]) 30.864665496552824 0.023715575475929007]
56   [array([1.88855238, 1.05104797]) 16.759100392785925 0.012981015601979217]
57   [array([1.11364624, 0.90041337]) 31.279058380549003 0.020290588192460792]
58   [array([1.1, 0.9]) 31.57766993920378 0.025954931250033376]
59   [array([1.11766562, 0.8971893 ]) 31.647774129928592 0.023603325103437593]
60   [array([1.1, 0.9]) 31.46687813433806 0.02356047814202382]
61   [array([2.38309809, 1.17160701]) 15.917849360290951 0.01048844286237846]
62   [array([1.1, 0.9]) 29.49795463674257 0.02254737596432481]
63   [array([1.11015289, 0.89953504]) 29.72707332759274 0.02373759054834398]
64   [array([1.10001161, 0.89999664]) 32.05834486804977 0.022377425793078828]
65   [array([2.45558722, 1.22029882]) 15.040102060541969 0.011765881384974279]
66   [array([1.1, 0.9]) 30.29134420467136 0.017583693095044425]
67   [array([1.10000306, 0.90000079]) 31.439115521694365 0.021353403923629347]
68   [array([1.10057937, 0.89989486]) 31.777971831740963 0.026008095186777]
69   [array([2.44879366, 1.46489835]) 13.330674836293745 0.011502171288454726]
70   [array([1.10000098, 0.89999996]) 30.993910925331285 0.023521404887609]
71   [array([2.33430645, 1.20309406]) 16.415597137535457 0.010978429680030476]
72   [array([2.3076796 , 1.32542695]) 14.017616490185176 0.010574362046473378]
73   [array([1.11263674, 0.90018341]) 29.66343154356903 0.02448236891423903]
74   [array([1.1, 0.9]) 27.66675904189991 0.026097273291026356]
75   [array([1.10132256, 0.8998399 ]) 31.68746606093431 0.02079495855340995]
76   [array([1.115069  , 0.90079517]) 30.842072614249147 0.025455244127636577]
77   [array([1.1, 0.9]) 29.80907349649074 0.021449531832224637]
78   [array([2.32084495, 1.23578521]) 14.117639064008877 0.011368443748511136]
79   [array([1.11510047, 0.89933379]) 28.365765256707846 0.024567588849276924]
80   [array([1.28627423, 0.81677838]) 28.226948659428658 0.020055803232277916]
81   [array([1.28258129, 0.90561309]) 25.21728327049012 0.01995125697564385]
82   [array([1.1, 0.9]) 31.47557486576744 0.022268486561697935]
83   [array([1.1, 0.9]) 29.87070397200587 0.0238124018136306]
84   [array([2.36221477, 1.36642938]) 13.372299176416085 0.010532594883759204]
85   [array([2.40770635, 1.03637438]) 15.760517456035007 0.011385025637803789]
86   [array([2.41050673, 0.94183775]) 16.89532039100203 0.01114329002169152]
87   [array([1.16685359, 0.86385753]) 31.83922297029445 0.021907269011010498]
88   [array([2.68119054, 0.95982025]) 17.304247521835578 0.011061598332306313]
89   [array([2.42924337, 1.11946253]) 15.130929487061177 0.011720304168204453]
90   [array([1.10427422, 0.89862316]) 29.6256956865369 0.02061062307464198]
91   [array([2.43186035, 1.27646732]) 14.997838272707455 0.011643921676852237]
92   [array([2.27964236, 1.00159129]) 17.54865288570268 0.0112731019378731]
93   [array([1.10000007, 0.89999999]) 32.75649480983789 0.02562487226915601]
94   [array([1.79436426, 1.08579877]) 16.951945348759317 0.013460281361241541]
95   [array([1.11127342, 0.90031491]) 27.238772123602644 0.02789918104805906]
96   [array([1.1, 0.9]) 32.93297200741447 0.023179087903446676]
97   [array([1.1000001 , 0.89999999]) 30.840862052154623 0.0253103850008111]
98   [array([1.10005592, 0.89999717]) 30.08675140222781 0.021103262935652064]
99   [array([1.11339315, 0.90079183]) 30.37495464196798 0.023073594280772724]
mean, std:  0.02007579860663999 0.0050998352195085975
linear
0   [array([1.10000009, 0.89999998]) 14.952706957866512 0.006783156925208951]
1   [array([1.3259267 , 0.77367265]) 15.189299600447203 0.004325112369661161]
2   [array([1.10989604, 0.89655255]) 15.138896523984018 0.0067551097101470605]
3   [array([1.1, 0.9]) 14.220321315080366 0.006404353824482719]
4   [array([2.40546755, 1.14423662]) 7.985990122956331 0.0014154990011982114]
5   [array([6.43921512, 4.28822592]) 2.224742660121189 0.0007659176275985896]
6   [array([3.92927841, 1.24979012]) 6.831375158610484 0.0007342077283744221]
7   [array([2.63480342, 0.91319699]) 10.6953780069936 0.0008488718064104288]
8   [array([1.10011798, 0.89995585]) 15.822014259112356 0.006762726454902685]
9   [array([1.10603428, 0.90037511]) 15.430625119350378 0.006632336557380432]
10   [array([1.10007511, 0.89998673]) 15.574787191320787 0.006012647531256007]
11   [array([2.88390964, 1.1768212 ]) 6.986053097409748 0.0010282882820396824]
12   [array([2.66755369, 1.28448396]) 6.668355346760933 0.0009854168665404445]
13   [array([1.1, 0.9]) 15.77496126682039 0.00708983162706142]
14   [array([1.1, 0.9]) 14.554970820405877 0.007014619958482415]
15   [array([1.10009501, 0.89997663]) 15.29991209479155 0.007150196751864657]
16   [array([1.11000152, 0.89958108]) 14.699402525617927 0.007355281365750173]
17   [array([1.1, 0.9]) 15.221430047437918 0.006687572338200247]
18   [array([1.10000007, 0.89999999]) 14.090351140515585 0.006376555901705419]
19   [array([3.05657197, 1.33178957]) 6.318228135064706 0.0009354933089213446]
20   [array([3.08633389, 1.6061444 ]) 5.529799710169702 0.0010433634403218162]
21   [array([1.10753557, 0.89822821]) 14.723354830133427 0.006206723322303279]
22   [array([1.1, 0.9]) 15.164731598950288 0.006482650137504756]
23   [array([3.56316317, 1.99621502]) 3.805980528092646 0.001036446614271456]
24   [array([1.1, 0.9]) 15.625566801266444 0.007183099779858351]
25   [array([1.1, 0.9]) 15.908146141749635 0.006398290278804871]
26   [array([1.10378849, 0.89948052]) 15.103193902212094 0.007540018142943067]
27   [array([2.3128656 , 0.61640608]) 15.98574316848971 0.0009689710322105645]
28   [array([2.5605671 , 1.34998793]) 6.59067087454228 0.001413480624989075]
29   [array([1.11111992, 0.89533799]) 15.213015344776439 0.00679390776794614]
30   [array([1.1, 0.9]) 15.792041725281893 0.006734357870090178]
31   [array([3.38739012, 1.65786111]) 4.657281700816219 0.0009456061839575293]
32   [array([1.10792231, 0.8985259 ]) 15.094452957558792 0.0068031056685166754]
33   [array([1.10005734, 0.89999365]) 15.469035790672825 0.006540403036717516]
34   [array([3.49336903, 1.87429976]) 3.949763075731968 0.001090378971726621]
35   [array([1.10792912, 0.89879644]) 14.14434403676281 0.0067108351407861415]
36   [array([1.10004196, 0.8999916 ]) 15.519675448918775 0.0056430017413024456]
37   [array([1.11153278, 0.8986084 ]) 15.178800158175514 0.0064810023649304075]
38   [array([1.1, 0.9]) 15.348385159967771 0.006278848282285557]
39   [array([1.10865282, 0.89839781]) 16.004976548356453 0.006840148008382284]
40   [array([1.1, 0.9]) 15.403983903842281 0.005604776069385053]
41   [array([2.4605931 , 0.94149197]) 10.237634884559906 0.0009924253275962356]
42   [array([1.10870789, 0.89883529]) 15.917513546137775 0.007048259584943425]
43   [array([1.1, 0.9]) 15.258775646318252 0.006930712178884989]
44   [array([1.10010652, 0.89998468]) 14.742065874000394 0.0066053334863241595]
45   [array([1.10789757, 0.89893147]) 15.530344192598601 0.007031569335652363]
46   [array([1.1, 0.9]) 14.675983507885556 0.006778453683224411]
47   [array([1.10008017, 0.89998478]) 14.72922044912436 0.007251389354328383]
48   [array([2.45191703, 0.81221785]) 12.535954364280718 0.0009304235346179375]
49   [array([1.10000001, 0.9       ]) 15.335266565596546 0.006511970777595302]
50   [array([1.1032648 , 0.89992751]) 14.834880027629634 0.007062835425558516]
51   [array([3.37455005, 1.73009627]) 4.700129259703333 0.0010377454567228276]
52   [array([1.10761866, 0.89870687]) 15.634426426951215 0.006992006287648957]
53   [array([1.1, 0.9]) 15.358705005966218 0.006245206644914781]
54   [array([3.89620599, 0.87070621]) 12.280023753065631 0.0004964559304406193]
55   [array([1.10011709, 0.89997699]) 15.57150806792553 0.006845294526197716]
56   [array([1.1002674 , 0.89995693]) 15.511739468024647 0.007474312042025736]
57   [array([1.1077916 , 0.89890363]) 15.456810098280886 0.006003552868415444]
58   [array([1.1, 0.9]) 15.418748350303666 0.00767831772981104]
59   [array([1.10931996, 0.89786445]) 15.848619162986388 0.006930325827467465]
60   [array([1.10013637, 0.89996163]) 15.447048308296614 0.006905044281004603]
61   [array([1.11075916, 0.89549613]) 15.786340926135727 0.006494171184792501]
62   [array([1.1, 0.9]) 15.082041837710221 0.006531595326455996]
63   [array([1.10700002, 0.89875085]) 14.747909172816163 0.0070190973880043155]
64   [array([1.1, 0.9]) 15.312830468897106 0.006847281878589196]
65   [array([3.31763437, 2.06415659]) 3.840685411507163 0.0012037362336795063]
66   [array([1.1, 0.9]) 15.20429624140933 0.00501711619047812]
67   [array([1.10000049, 0.90000008]) 15.977783317473286 0.006071765975139373]
68   [array([3.1027032 , 1.89714109]) 4.35802663586697 0.0011594193901943491]
69   [array([2.85994926, 1.27283352]) 6.913182189081805 0.0009694474329686795]
70   [array([1.10148507, 0.89965014]) 15.66627620111831 0.006721217090142785]
71   [array([1.10728382, 0.89914868]) 15.649883323215242 0.006664251605630042]
72   [array([1.1, 0.9]) 15.463818796123395 0.007006590850216776]
73   [array([1.1, 0.9]) 15.587298431384038 0.00709938445818484]
74   [array([1.1, 0.9]) 14.505694907515196 0.007628004183008993]
75   [array([2.26193037, 0.96601406]) 10.004481684735495 0.001368190658636154]
76   [array([1.10818   , 0.89854331]) 15.655293403906814 0.007414460494376325]
77   [array([1.1, 0.9]) 15.453926548809159 0.0060979380122646466]
78   [array([3.3588253 , 0.98878499]) 8.751337331513701 0.0008443781013084372]
79   [array([1.11116715, 0.89935151]) 14.917742423139714 0.007139184849024155]
80   [array([1.10897137, 0.89826192]) 15.389608761301764 0.006738281198998258]
81   [array([1.10917188, 0.89609365]) 14.950877819376458 0.00642050711939163]
82   [array([1.1, 0.9]) 15.672662985951762 0.00643922891449972]
83   [array([1.1, 0.9]) 15.335879249601707 0.0068012225804169905]
84   [array([3.17126259, 1.42397115]) 5.488653128086857 0.001004472937536136]
85   [array([1.11848132, 0.897115  ]) 15.19026369081123 0.0065373676254722336]
86   [array([2.77001297, 1.35322072]) 6.152500907438052 0.0010579127079692763]
87   [array([1.1, 0.9]) 16.516642823527874 0.006745514491161125]
88   [array([4.68050812, 1.56872813]) 5.772169497027824 0.0006125118715310192]
89   [array([2.20215098, 0.53506452]) 15.848237696236819 0.0012482113123463963]
90   [array([2.22560217, 0.85593098]) 11.243363802690634 0.001120127185680235]
91   [array([2.72080921, 1.24692802]) 7.504468787864032 0.0010305855760932797]
92   [array([2.42543549, 0.91681088]) 10.628157085700908 0.001098618995523694]
93   [array([1.10000004, 0.89999999]) 15.606005950384253 0.007902822886129065]
94   [array([2.96028748, 0.58645641]) 15.299546223764402 0.0009174029726891349]
95   [array([4.78070939, 1.21503238]) 8.794443250602164 0.0005249075125573619]
96   [array([1.1, 0.9]) 15.932808639722749 0.006674719158936437]
97   [array([1.10741799, 0.89898482]) 15.59404519423138 0.00727619416534686]
98   [array([1.10004734, 0.89999229]) 15.555540578154897 0.005930928938459414]
99   [array([1.10699204, 0.89995625]) 14.659499991634046 0.007006740425118957]
mean, std:  0.004929397545787475 0.002682759167066614
